person 0.90 80 160 549 479
person 0.91 86 160 549 479
person 0.90 83 161 550 479
person 0.92 85 161 548 479
person 0.91 82 160 548 479
person 0.90 83 161 548 479
person 0.89 80 160 546 479
person 0.90 81 160 548 479
person 0.89 88 160 549 479
person 0.90 82 159 549 479
person 0.90 78 159 549 479
person 0.90 78 158 547 479
person 0.89 77 158 547 479
person 0.88 83 156 548 479
person 0.89 80 154 549 479
person 0.85 86 150 549 479
person 0.84 81 149 548 479
person 0.85 78 147 548 479
person 0.86 82 145 548 479
person 0.88 86 147 549 479
person 0.90 85 146 550 479
person 0.90 84 146 547 479
person 0.91 83 147 541 479
person 0.93 90 147 554 479
person 0.92 87 147 556 479
person 0.92 88 147 560 479
person 0.91 82 148 583 479
person 0.91 84 147 585 479
person 0.90 82 146 578 479
person 0.89 79 147 579 479
person 0.90 79 148 573 479
person 0.90 83 149 569 479
person 0.91 82 151 552 479
person 0.92 82 152 552 479
person 0.90 79 151 551 479
person 0.91 79 152 556 479
person 0.91 80 152 558 479
person 0.91 84 151 560 479
person 0.91 84 151 560 479
person 0.90 76 149 564 479
person 0.89 80 149 571 479
person 0.89 76 148 583 479
person 0.90 80 148 587 479
person 0.89 77 147 584 479
person 0.91 76 146 616 479
person 0.92 75 146 636 479
person 0.92 74 148 638 479
person 0.93 74 148 640 479
person 0.93 72 147 640 479
person 0.92 75 147 639 479
person 0.92 70 146 639 479
person 0.30 474 1 639 470
person 0.89 71 146 636 479
person 0.35 60 1 639 478
person 0.89 71 146 636 479
person 0.35 60 1 639 478
person 0.88 68 147 638 479
person 0.57 193 1 639 477
person 0.32 327 0 639 479
person 0.87 77 68 639 479
person 0.53 223 1 639 477
person 0.32 349 1 639 476
person 0.89 69 146 639 479
person 0.62 284 1 638 477
person 0.45 121 0 640 480
person 0.89 69 146 639 479
person 0.62 284 1 638 477
person 0.45 121 0 640 480
person 0.88 67 146 636 479
person 0.67 295 1 639 477
person 0.41 111 2 638 477
person 0.90 70 82 638 479
person 0.62 290 1 639 477
bottle 0.37 325 30 447 313
person 0.89 73 65 638 479
person 0.60 294 1 639 477
person 0.29 405 2 638 477
person 0.89 73 65 638 479
person 0.60 294 1 639 477
person 0.29 405 2 638 477
person 0.88 70 147 637 479
person 0.64 167 0 640 478
bottle 0.57 320 73 441 320
person 0.49 317 0 640 478
person 0.88 69 147 635 479
person 0.67 57 0 639 479
bottle 0.49 320 75 441 324
person 0.27 254 0 639 477
person 0.88 68 148 634 479
person 0.58 49 0 639 478
person 0.52 233 0 639 479
person 0.89 69 150 635 479
bottle 0.65 316 62 437 349
person 0.61 44 0 639 478
person 0.61 244 0 639 477
person 0.89 69 150 635 479
bottle 0.65 316 62 437 349
person 0.61 44 0 639 478
person 0.61 244 0 639 477
person 0.88 70 149 637 480
bottle 0.76 309 22 429 360
person 0.60 26 4 638 477
person 0.88 67 149 640 480
bottle 0.77 305 80 423 375
person 0.68 30 1 638 478
person 0.28 237 0 640 479
person 0.88 64 146 635 479
person 0.61 21 2 637 477
bottle 0.58 300 126 420 381
person 0.88 64 146 635 479
person 0.61 21 2 637 477
bottle 0.58 300 126 420 381
person 0.90 62 136 629 479
person 0.66 13 1 638 478
person 0.84 67 125 626 479
person 0.60 39 0 635 480
person 0.75 75 16 592 478
person 0.75 75 16 592 478
person 0.74 38 169 626 479
person 0.73 20 3 638 478
bottle 0.31 198 175 322 394
bottle 0.79 212 172 319 383
person 0.75 18 2 638 478
person 0.36 65 185 632 479
person 0.82 71 3 639 479
person 0.82 71 3 639 479
person 0.81 90 5 638 477
bottle 0.76 246 149 351 349
person 0.28 90 229 640 478
person 0.82 90 3 639 477
bottle 0.78 189 147 347 346
bottle 0.54 242 147 347 347
person 0.82 90 3 639 477
bottle 0.78 189 147 347 346
bottle 0.54 242 147 347 347
bottle 0.86 239 146 337 346
person 0.77 88 4 639 479
bottle 0.85 239 149 337 344
person 0.77 94 6 639 478
person 0.31 111 200 596 479
person 0.77 89 11 637 477
bottle 0.71 198 151 329 346
bottle 0.78 217 152 323 346
person 0.58 98 14 605 476
person 0.35 282 12 639 478
person 0.34 95 207 614 479
bottle 0.78 217 152 323 346
person 0.58 98 14 605 476
person 0.35 282 12 639 478
person 0.34 95 207 614 479
bottle 0.81 194 152 316 355
person 0.59 84 46 619 478
person 0.29 93 151 574 479
person 0.25 283 51 623 478
bottle 0.82 191 162 306 376
person 0.72 95 150 478 479
bottle 0.84 197 153 301 380
person 0.81 97 151 460 479
bottle 0.84 197 153 301 380
person 0.81 97 151 460 479
person 0.91 95 151 537 479
bottle 0.75 193 168 301 378
person 0.90 92 150 531 479
bottle 0.87 192 157 296 381
person 0.92 92 149 534 479
bottle 0.89 192 133 295 380
person 0.92 92 149 534 479
bottle 0.89 192 133 295 380
bottle 0.91 191 113 294 375
person 0.91 94 150 539 479
person 0.90 98 150 537 479
bottle 0.88 192 106 296 360
person 0.91 99 150 538 479
bottle 0.89 194 109 297 360
person 0.91 99 150 538 479
bottle 0.89 194 109 297 360
person 0.92 90 148 537 479
bottle 0.91 193 112 296 364
person 0.91 94 148 538 479
bottle 0.89 195 112 297 368
bottle 0.90 196 112 298 369
person 0.89 97 149 539 479
person 0.89 103 151 538 479
bottle 0.87 197 116 300 367
person 0.89 103 151 538 479
bottle 0.87 197 116 300 367
person 0.89 92 148 539 479
bottle 0.89 199 117 302 363
bottle 0.92 200 117 303 360
person 0.89 96 148 540 479
bottle 0.92 200 117 303 360
person 0.89 96 148 540 479
bottle 0.90 201 117 304 360
person 0.87 92 148 538 479
bottle 0.93 200 118 304 362
person 0.88 96 148 539 479
bottle 0.90 199 118 301 368
person 0.88 102 150 537 479
bottle 0.90 199 118 301 368
person 0.88 102 150 537 479
bottle 0.93 198 118 299 369
person 0.89 100 149 538 479
bottle 0.91 195 116 297 373
person 0.89 102 150 539 479
bottle 0.91 195 117 297 373
person 0.88 100 151 538 479
bottle 0.91 195 115 297 372
person 0.89 96 149 538 479
bottle 0.93 196 116 297 371
person 0.91 93 148 539 479
bottle 0.89 196 116 297 368
person 0.89 103 150 538 479
bottle 0.92 196 117 297 369
person 0.90 102 150 537 479
bottle 0.93 195 117 297 370
person 0.90 103 150 537 479
bottle 0.93 195 117 297 370
person 0.90 103 150 537 479
bottle 0.93 195 117 297 373
person 0.90 103 150 537 479
bottle 0.92 194 118 297 372
person 0.90 103 150 536 479
bottle 0.93 194 119 296 370
person 0.90 97 148 537 479
bottle 0.93 194 119 296 372
person 0.90 103 149 537 479
bottle 0.94 194 118 296 373
person 0.89 102 150 537 479
bottle 0.93 194 118 296 371
person 0.90 94 148 537 479
bottle 0.94 194 119 296 372
person 0.88 101 149 541 479
bottle 0.93 193 118 297 372
person 0.89 102 151 539 479
bottle 0.93 194 117 296 372
person 0.90 103 150 540 479
bottle 0.94 193 117 296 372
person 0.87 103 149 540 479
bottle 0.92 193 117 296 373
person 0.88 101 150 539 479
bottle 0.95 192 118 294 372
person 0.87 102 150 537 479
bottle 0.93 192 119 295 373
person 0.88 102 151 536 479
bottle 0.95 191 118 295 369
person 0.89 95 149 537 479
bottle 0.94 192 118 294 372
person 0.90 95 149 536 479
bottle 0.93 191 118 294 372
person 0.90 104 150 539 479
bottle 0.93 191 118 294 373
person 0.89 104 149 539 479
bottle 0.93 187 117 290 373
person 0.90 91 148 536 479
bottle 0.93 186 117 289 374
person 0.90 95 149 537 479
bottle 0.90 186 118 289 372
person 0.90 90 148 537 479
bottle 0.92 186 118 290 374
person 0.91 91 149 536 479
bottle 0.93 186 119 290 374
person 0.90 89 149 535 479
bottle 0.93 187 119 289 368
person 0.92 90 149 535 479
bottle 0.95 187 120 289 367
person 0.91 88 148 535 479
bottle 0.93 188 121 291 366
person 0.91 91 149 536 479
bottle 0.93 188 121 290 374
person 0.90 90 149 536 479
bottle 0.92 189 121 290 371
person 0.90 90 149 538 479
bottle 0.92 189 121 292 375
person 0.91 90 149 539 479
person 0.91 91 149 538 479
bottle 0.91 190 121 291 374
bottle 0.91 191 120 292 370
person 0.90 86 150 540 479
bottle 0.92 191 120 293 370
person 0.90 97 149 541 479
bottle 0.92 188 120 291 372
person 0.91 91 148 546 479
bottle 0.94 186 117 289 370
person 0.90 90 148 547 479
bottle 0.92 186 116 289 369
person 0.90 93 148 547 479
bottle 0.90 185 116 288 372
person 0.89 91 148 547 479
person 0.92 87 148 547 479
bottle 0.91 184 116 289 373
person 0.91 89 148 547 479
bottle 0.91 184 116 288 373
bottle 0.93 184 117 288 373
person 0.92 89 148 547 479
person 0.90 91 148 546 479
bottle 0.88 184 117 288 371
person 0.91 91 148 545 479
bottle 0.91 185 121 291 371
person 0.92 92 148 547 479
bottle 0.91 186 121 291 371
bottle 0.94 187 120 292 371
person 0.90 92 149 546 479
bottle 0.93 190 119 294 373
person 0.91 96 149 545 479
bottle 0.92 191 120 296 373
person 0.88 97 149 544 479
bottle 0.95 192 121 297 372
person 0.89 101 148 545 479
bottle 0.91 195 125 300 385
person 0.88 102 151 539 479
bottle 0.89 195 127 301 383
person 0.88 100 150 540 479
person 0.89 100 149 542 479
bottle 0.88 198 129 305 385
person 0.87 97 148 545 479
person 0.78 100 148 542 479
person 0.83 101 151 541 479
person 0.83 101 149 537 479
person 0.90 101 149 535 479
person 0.86 103 149 543 479
bottle 0.62 338 281 448 480
person 0.84 104 151 540 479
bottle 0.76 340 294 449 479
person 0.86 101 150 536 479
bottle 0.49 358 324 469 479
person 0.88 99 150 542 479
bottle 0.85 362 337 472 479
person 0.89 93 152 546 479
person 0.90 90 151 546 479
person 0.87 84 152 595 479
person 0.90 73 152 544 479
person 0.91 73 152 544 479
person 0.90 73 152 556 479
person 0.91 71 151 558 479
person 0.91 74 151 553 479
person 0.91 73 151 557 479
person 0.90 72 150 554 479
person 0.91 72 150 551 479
person 0.90 69 148 554 479
person 0.91 71 148 551 479
person 0.91 71 148 551 479
person 0.90 64 146 553 479
person 0.89 60 145 559 479
person 0.88 60 145 557 479
person 0.88 60 145 561 479
person 0.89 58 145 558 479
person 0.90 61 144 559 479
person 0.89 58 145 555 479
person 0.89 61 145 551 479
person 0.90 65 145 554 479
person 0.88 60 145 548 479
person 0.89 60 146 549 479
person 0.89 60 146 546 479
person 0.90 63 146 544 479
person 0.90 68 146 549 479
person 0.88 66 148 552 479
person 0.91 64 147 547 479
person 0.90 66 148 542 479
person 0.91 68 147 536 479
person 0.90 65 148 537 479
person 0.90 62 148 536 479
person 0.89 58 149 534 479
person 0.90 67 147 537 479
person 0.90 67 147 545 479
person 0.89 64 148 542 479
person 0.90 62 148 536 479
person 0.89 63 148 538 479
person 0.89 65 149 535 479
person 0.88 61 149 541 479
person 0.89 64 149 544 479
person 0.89 65 152 546 479
person 0.89 63 152 546 479
person 0.89 66 153 546 479
person 0.89 59 151 543 479
person 0.88 64 152 553 479
person 0.88 58 151 544 479
person 0.89 65 152 549 479
person 0.89 65 151 556 479
person 0.88 64 150 555 479
person 0.88 67 151 557 479
person 0.88 64 151 554 479
person 0.87 65 151 557 479
person 0.88 60 150 549 479
person 0.88 62 150 558 479
person 0.87 60 150 557 479
person 0.87 60 150 553 479
person 0.88 62 150 551 479
person 0.88 64 150 552 479
person 0.88 61 149 549 479
person 0.90 65 148 546 479
person 0.90 65 148 546 479
person 0.79 65 149 541 479
person 0.69 72 150 459 479
person 0.74 71 149 519 479
person 0.60 75 151 495 479
person 0.27 448 339 640 479
person 0.92 73 150 574 479
cell phone 0.26 301 242 416 416
person 0.89 71 149 552 479
person 0.84 63 150 545 479
person 0.82 63 149 544 479
person 0.89 81 149 539 479
person 0.89 83 150 531 479
person 0.88 72 149 533 479
person 0.91 91 150 530 479
bottle 0.56 155 243 258 479
person 0.88 92 150 532 479
bottle 0.30 157 242 264 480
cell phone 0.26 201 242 249 327
person 0.91 102 151 530 479
person 0.90 90 149 533 479
person 0.89 98 149 534 479
cell phone 0.31 166 225 276 480
person 0.89 96 150 533 479
cell phone 0.51 218 222 278 356
person 0.91 93 146 536 479
person 0.87 85 149 536 479
cell phone 0.29 216 193 276 299
cell phone 0.26 166 193 284 442
person 0.84 84 145 537 479
person 0.81 67 145 538 479
person 0.89 80 146 537 479
bottle 0.70 154 159 266 411
person 0.87 78 146 534 479
bottle 0.69 152 156 267 408
person 0.88 77 147 538 479
bottle 0.78 152 154 266 411
person 0.85 87 146 537 479
bottle 0.76 165 150 276 408
person 0.87 87 145 536 479
bottle 0.82 164 150 278 411
person 0.88 86 147 544 479
bottle 0.80 165 151 279 410
person 0.89 85 146 545 479
bottle 0.81 164 151 279 412
person 0.89 77 145 543 479
bottle 0.69 147 143 267 407
person 0.89 77 145 543 479
bottle 0.69 147 143 267 407
person 0.89 74 145 543 479
bottle 0.83 144 141 264 407
person 0.88 58 145 541 479
bottle 0.83 132 139 257 405
person 0.91 57 145 540 479
bottle 0.75 128 139 256 405
person 0.91 60 146 540 479
bottle 0.70 126 139 253 408
person 0.83 47 146 544 479
bottle 0.76 118 140 250 413
bottle 0.79 102 144 229 421
person 0.75 31 146 544 479
bottle 0.90 95 143 223 423
person 0.79 26 147 547 479
person 0.63 177 145 542 479
bottle 0.85 88 145 218 423
person 0.76 173 147 541 479
person 0.63 9 146 550 479
bottle 0.80 81 147 210 423
person 0.78 6 146 543 479
person 0.58 166 145 540 479
bottle 0.87 78 148 205 422
person 0.76 0 147 540 479
person 0.61 166 147 540 479
bottle 0.78 76 149 204 423
person 0.77 0 146 542 479
person 0.47 161 145 540 479
bottle 0.79 73 148 201 420
person 0.74 154 147 539 479
person 0.36 1 147 529 479
person 0.83 0 146 539 479
bottle 0.73 51 145 187 420
person 0.80 1 146 539 479
bottle 0.69 52 145 185 415
person 0.85 148 147 535 479
bottle 0.63 54 144 183 417
bottle 0.80 49 142 180 414
person 0.79 137 147 535 479
person 0.84 148 147 535 479
bottle 0.53 51 142 181 417
person 0.78 5 147 540 479
bottle 0.75 53 141 185 414
person 0.75 161 147 538 479
bottle 0.50 67 163 193 417
person 0.28 3 145 536 479
person 0.75 72 146 541 479
bottle 0.32 129 147 246 415
person 0.86 70 148 535 479
bottle 0.57 140 148 255 411
person 0.87 81 148 536 479
bottle 0.48 165 149 270 407
person 0.85 92 149 535 479
bottle 0.78 201 153 307 407
person 0.86 93 148 543 479
bottle 0.44 203 150 312 411
cell phone 0.36 204 236 313 406
person 0.82 86 149 537 479
bottle 0.61 211 155 320 409
person 0.81 82 150 540 479
bottle 0.58 212 147 325 410
person 0.82 71 150 537 479
bottle 0.58 219 156 326 421
person 0.76 70 154 539 479
bottle 0.52 223 158 338 421
cell phone 0.30 222 203 337 414
bottle 0.81 226 163 335 417
person 0.76 76 154 536 479
bottle 0.81 226 163 335 417
person 0.76 76 154 536 479
person 0.80 78 154 539 479
bottle 0.64 229 161 336 417
cell phone 0.25 224 203 338 415
bottle 0.82 234 166 341 417
person 0.78 88 154 540 479
bottle 0.81 236 166 341 415
person 0.81 91 154 540 479
bottle 0.81 236 166 341 415
person 0.81 91 154 540 479
bottle 0.78 237 165 342 415
person 0.78 79 156 538 479
cell phone 0.42 235 206 343 415
person 0.88 96 155 539 479
bottle 0.52 239 165 347 412
cell phone 0.43 237 206 346 412
person 0.85 88 155 539 479
bottle 0.75 242 165 351 412
cell phone 0.30 238 204 349 411
bottle 0.88 246 165 353 410
person 0.86 88 155 540 479
bottle 0.88 247 167 354 411
person 0.82 88 157 540 479
bottle 0.88 247 167 354 411
person 0.82 88 157 540 479
bottle 0.91 246 168 353 411
person 0.80 88 156 540 479
person 0.84 90 156 540 479
bottle 0.82 245 167 354 411
person 0.84 90 156 540 479
bottle 0.82 245 167 354 411
bottle 0.85 245 168 354 409
person 0.82 92 159 540 479
person 0.81 90 159 540 479
bottle 0.76 246 168 353 407
cell phone 0.42 244 200 352 408
person 0.87 87 157 539 479
bottle 0.67 243 167 353 407
cell phone 0.32 241 201 351 408
person 0.87 87 157 539 479
bottle 0.67 243 167 353 407
cell phone 0.32 241 201 351 408
person 0.82 88 159 540 479
bottle 0.79 245 168 353 408
cell phone 0.27 243 200 351 408
person 0.84 87 157 540 479
bottle 0.81 244 169 353 409
cell phone 0.30 244 200 351 409
bottle 0.85 247 168 353 408
person 0.78 85 159 540 479
cell phone 0.42 245 198 352 410
bottle 0.85 247 168 353 408
person 0.78 85 159 540 479
cell phone 0.42 245 198 352 410
person 0.85 94 157 540 479
bottle 0.84 245 167 353 406
person 0.86 89 156 541 479
bottle 0.84 246 166 352 407
person 0.87 89 156 540 479
bottle 0.84 244 168 353 408
person 0.86 87 157 541 479
bottle 0.72 243 170 352 408
cell phone 0.46 245 200 350 408
person 0.86 87 157 541 479
bottle 0.72 243 170 352 408
cell phone 0.46 245 200 350 408
person 0.82 88 159 540 479
bottle 0.82 245 169 352 410
cell phone 0.61 245 201 351 411
bottle 0.88 243 169 350 412
person 0.81 88 157 540 479
bottle 0.86 243 170 350 415
person 0.82 90 157 541 479
bottle 0.86 243 170 350 415
person 0.82 90 157 541 479
person 0.81 86 156 539 479
bottle 0.80 240 170 348 414
person 0.87 88 156 539 479
bottle 0.80 240 170 348 415
bottle 0.88 240 170 349 414
person 0.84 91 155 540 479
bottle 0.82 240 171 344 416
person 0.79 86 154 539 479
cell phone 0.32 238 205 344 415
person 0.76 80 158 538 479
bottle 0.72 239 170 341 417
bottle 0.88 238 171 341 418
person 0.82 85 156 539 479
person 0.79 85 156 538 479
bottle 0.77 231 170 341 423
bottle 0.86 232 174 341 429
person 0.76 85 155 537 479
bottle 0.87 232 173 341 430
person 0.83 90 154 538 479
person 0.76 82 157 536 479
bottle 0.73 232 168 341 425
person 0.78 84 154 538 479
bottle 0.76 234 174 340 429
bottle 0.86 233 173 340 429
person 0.76 89 154 538 479
bottle 0.87 234 173 340 427
person 0.79 92 154 538 479
person 0.85 88 154 538 479
bottle 0.81 235 172 340 428
person 0.80 86 155 538 479
bottle 0.77 236 172 340 428
person 0.78 86 158 538 479
bottle 0.73 232 169 340 424
person 0.78 87 156 539 479
bottle 0.63 231 171 340 425
person 0.80 87 158 539 479
bottle 0.66 236 173 340 428
person 0.81 85 155 539 479
bottle 0.78 234 173 340 428
bottle 0.82 233 173 338 428
person 0.76 79 157 536 479
tv 0.25 0 116 61 334
person 0.80 91 157 538 479
bottle 0.78 234 172 339 428
bottle 0.82 229 166 338 423
person 0.80 80 158 538 479
bottle 0.82 229 166 338 423
person 0.80 80 158 538 479
bottle 0.85 231 172 338 426
person 0.82 80 158 534 479
person 0.81 81 158 537 479
bottle 0.63 234 171 335 423
person 0.79 80 158 539 479
bottle 0.65 232 171 335 424
person 0.80 77 157 537 479
bottle 0.75 231 172 335 426
person 0.82 80 158 535 479
bottle 0.62 231 170 336 431
cell phone 0.26 227 191 336 422
person 0.80 77 159 536 479
bottle 0.79 226 166 337 421
person 0.80 81 157 537 479
bottle 0.72 232 169 334 422
bottle 0.81 230 169 336 421
person 0.73 73 157 537 479
bottle 0.86 233 169 337 419
person 0.76 74 156 539 479
person 0.80 78 155 537 479
bottle 0.72 227 163 337 420
person 0.80 78 155 537 479
bottle 0.72 227 163 337 420
bottle 0.82 233 168 339 419
person 0.80 90 155 539 479
person 0.84 81 156 539 479
bottle 0.81 235 167 338 419
bottle 0.82 234 168 339 420
person 0.77 80 157 539 479
bottle 0.83 234 169 339 418
person 0.80 80 156 539 479
bottle 0.88 232 168 340 420
person 0.76 80 159 536 479
person 0.83 84 158 538 479
bottle 0.65 234 164 339 424
bottle 0.81 235 168 339 419
person 0.81 81 155 539 479
bottle 0.84 235 169 339 420
person 0.81 82 156 540 479
bottle 0.84 233 169 339 420
person 0.74 72 156 540 479
bottle 0.84 234 168 339 419
person 0.81 78 155 538 479
person 0.83 81 156 540 479
bottle 0.83 233 168 338 418
bottle 0.90 229 169 338 419
person 0.80 80 158 538 479
bottle 0.86 233 168 335 420
person 0.75 76 156 538 479
bottle 0.82 232 168 336 422
person 0.79 91 154 540 479
bottle 0.86 232 169 335 421
person 0.79 77 156 538 479
bottle 0.89 228 170 336 421
person 0.81 73 156 539 479
bottle 0.87 231 168 334 420
person 0.81 80 156 538 479
bottle 0.84 232 168 335 421
person 0.78 81 157 541 479
person 0.83 81 157 537 479
bottle 0.69 231 162 336 427
cell phone 0.30 231 232 337 417
bottle 0.86 232 168 335 420
person 0.80 77 156 538 479
person 0.80 82 157 540 479
bottle 0.78 233 168 336 421
person 0.80 82 156 538 479
bottle 0.78 233 169 336 421
person 0.81 94 155 540 479
bottle 0.81 233 169 339 423
bottle 0.88 231 171 339 424
person 0.79 80 161 537 479
person 0.88 92 149 539 479
person 0.83 91 147 542 479
person 0.86 93 149 538 479
refrigerator 0.36 52 96 268 477
person 0.89 90 148 539 479
person 0.87 83 149 543 479
person 0.90 88 148 545 479
cell phone 0.25 367 314 431 427
person 0.89 89 148 545 479
toothbrush 0.29 366 346 430 480
person 0.89 83 150 545 479
person 0.90 81 151 546 479
person 0.91 76 151 543 479
person 0.89 77 151 547 479
person 0.91 71 151 549 479
person 0.90 73 151 549 479
person 0.91 76 151 551 479
person 0.92 77 151 553 479
person 0.91 72 151 549 479
person 0.91 72 150 545 479
person 0.90 74 149 551 479
person 0.90 77 149 548 479
person 0.90 76 149 551 479
person 0.90 75 149 547 479
refrigerator 0.27 50 95 268 445
person 0.90 76 150 549 479
person 0.91 73 149 544 479
person 0.91 74 149 544 479
person 0.91 74 150 545 479
person 0.90 76 149 545 479
person 0.91 71 149 545 479
person 0.90 75 148 545 479
person 0.91 73 149 544 479
person 0.91 76 149 542 479
person 0.91 74 149 544 479
person 0.90 75 149 545 479
person 0.91 75 150 542 479
person 0.90 76 149 546 479
person 0.90 76 150 547 479
person 0.90 75 150 541 479
person 0.90 76 150 541 479
person 0.91 75 150 543 479
person 0.91 74 151 545 479
person 0.91 77 151 541 479
person 0.90 73 150 544 479
person 0.90 76 151 542 479
person 0.91 74 150 542 479
person 0.91 74 152 543 479
person 0.92 75 152 540 479
person 0.90 76 153 543 479
person 0.91 74 155 544 479
person 0.90 73 155 543 479
person 0.90 72 156 541 479
person 0.91 70 156 544 479
person 0.91 72 156 547 479
person 0.90 65 156 549 479
person 0.90 70 155 544 479
person 0.90 70 156 552 479
person 0.90 67 157 555 479
person 0.89 63 155 547 479
person 0.89 68 156 555 479
person 0.90 68 156 553 479
person 0.90 65 156 553 479
person 0.90 66 157 554 479
person 0.90 70 158 547 479
person 0.91 64 157 537 479
person 0.90 63 158 540 479
person 0.91 75 158 546 479
person 0.89 62 160 542 479
person 0.89 62 160 542 479
person 0.91 69 158 539 479
person 0.91 65 159 540 479
person 0.90 65 158 537 479
person 0.90 65 158 539 479
person 0.90 63 159 537 479
person 0.90 64 159 540 479
person 0.91 66 158 539 479
person 0.90 65 158 536 479
person 0.91 65 158 537 479
person 0.91 62 158 533 479
person 0.90 66 158 534 479
person 0.90 61 158 533 479
person 0.90 63 159 536 479
person 0.91 65 157 534 479
person 0.90 65 158 535 479
person 0.90 63 158 533 479
person 0.90 63 158 533 479
person 0.91 65 157 532 479
person 0.89 64 158 532 479
person 0.89 65 157 534 479
person 0.90 64 158 531 479
person 0.90 66 157 533 479
person 0.89 64 158 532 479
person 0.90 64 157 531 479
person 0.89 65 158 531 479
person 0.90 68 157 532 479
person 0.90 64 157 532 479
person 0.90 64 157 532 479
person 0.90 67 158 531 479
person 0.91 67 158 532 479
person 0.90 65 158 531 479
person 0.91 66 157 532 479
person 0.91 66 157 534 479
person 0.90 65 156 531 479
person 0.91 67 158 533 479
person 0.91 68 156 532 479
person 0.90 67 158 531 479
person 0.90 65 157 532 479
person 0.91 63 158 537 479
person 0.89 67 158 531 479
person 0.90 68 158 531 479
person 0.90 65 158 530 479
person 0.91 65 158 530 479
person 0.91 63 158 532 479
person 0.90 65 158 534 479
person 0.91 67 157 531 479
person 0.90 66 158 531 479
person 0.91 65 158 533 479
person 0.91 69 159 529 479
person 0.91 64 158 531 479
person 0.91 70 157 532 479
person 0.91 67 158 531 479
person 0.90 64 158 532 479
person 0.91 66 156 532 479
person 0.91 70 158 529 479
person 0.90 63 157 532 479
person 0.90 69 157 531 479
person 0.90 69 156 532 479
person 0.91 69 156 531 479
person 0.91 68 156 531 479
person 0.90 69 157 531 479
person 0.90 68 156 531 479
person 0.91 68 157 531 479
person 0.91 67 157 530 479
person 0.91 71 159 531 479
person 0.91 69 157 534 479
person 0.90 67 157 532 479
person 0.91 65 158 531 479
person 0.91 65 157 531 479
person 0.91 66 157 531 479
person 0.90 69 157 533 479
person 0.91 67 157 531 479
person 0.91 65 156 530 479
person 0.91 68 158 539 479
person 0.90 67 156 532 479
person 0.91 71 156 530 479
person 0.91 68 157 530 479
person 0.91 68 158 530 479
person 0.91 69 157 536 479
person 0.91 69 157 531 479
person 0.91 70 157 529 479
person 0.91 69 157 531 479
person 0.91 69 157 531 479
person 0.91 68 157 532 479
person 0.91 69 157 531 479
person 0.91 71 157 530 479
person 0.91 70 158 530 479
person 0.91 69 156 530 479
person 0.91 71 158 530 479
person 0.90 69 159 534 479
person 0.91 71 157 530 479
person 0.91 65 157 531 479
person 0.91 69 157 533 479
person 0.91 69 157 532 479
person 0.91 68 157 530 479
person 0.91 69 158 532 479
person 0.91 70 158 528 479
person 0.91 68 156 532 479
person 0.90 67 156 532 479
person 0.91 70 156 531 479
person 0.92 69 157 530 479
person 0.92 70 157 531 479
person 0.91 70 156 531 479
person 0.91 67 157 531 479
person 0.91 68 157 531 479
person 0.89 64 158 542 479
person 0.89 67 155 548 479
person 0.88 62 155 562 479
person 0.88 64 158 571 479
person 0.88 60 156 573 479
person 0.88 60 160 568 479
person 0.88 60 156 574 479
person 0.89 61 157 576 479
person 0.89 67 160 568 479
person 0.89 67 158 572 479
